# header:
#   title: Al27(g,xp) cross section
#   source: TALYS-2.0
#   creator: Arjan Koning
#   date: 2023-11-16
#   format: YANDF-0.1
# target:
#   Z: 13
#   A: 27
#   nuclide: Al27
# reaction:
#   type: (g,xp)
#   ENDF_MF: 3
#   ENDF_MT: 203
# datablock:
#   quantity: cross section
#   columns: 3
#   entries: 53
##      E]             xs        Multiplicity
##     [MeV]          [mb]            []
   2.500000E-01   0.000000E+00   0.000000E+00
   5.000000E-01   0.000000E+00   0.000000E+00
   1.000000E+00   0.000000E+00   0.000000E+00
   2.000000E+00   0.000000E+00   0.000000E+00
   3.000000E+00   0.000000E+00   0.000000E+00
   4.000000E+00   0.000000E+00   0.000000E+00
   5.000000E+00   0.000000E+00   0.000000E+00
   6.000000E+00   0.000000E+00   0.000000E+00
   7.000000E+00   0.000000E+00   0.000000E+00
   8.000000E+00   0.000000E+00   0.000000E+00
   9.000000E+00   2.261447E-01   3.058110E-01
   1.000000E+01   1.208606E+00   7.653599E-01
   1.100000E+01   2.436685E+00   9.654790E-01
   1.200000E+01   3.426759E+00   9.969161E-01
   1.250000E+01   3.993006E+00   9.927475E-01
   1.300000E+01   4.621846E+00   9.744949E-01
   1.350000E+01   4.627038E+00   8.225251E-01
   1.400000E+01   4.370214E+00   6.512544E-01
   1.450000E+01   5.100314E+00   6.354811E-01
   1.500000E+01   6.192781E+00   6.448113E-01
   1.550000E+01   6.747581E+00   5.874545E-01
   1.600000E+01   7.346819E+00   5.351870E-01
   1.650000E+01   8.361591E+00   5.114825E-01
   1.700000E+01   9.612729E+00   4.967393E-01
   1.750000E+01   1.094915E+01   4.831451E-01
   1.800000E+01   1.232303E+01   4.701447E-01
   1.900000E+01   1.478826E+01   4.458515E-01
   2.000000E+01   1.615789E+01   4.273210E-01
   2.200000E+01   2.028897E+01   5.643808E-01
   2.400000E+01   1.867517E+01   6.850339E-01
   2.600000E+01   1.556232E+01   7.687089E-01
   2.800000E+01   1.227659E+01   7.858694E-01
   3.000000E+01   9.692756E+00   7.672573E-01
   3.500000E+01   5.895220E+00   7.754058E-01
   4.000000E+01   4.013218E+00   8.341579E-01
   4.500000E+01   3.044418E+00   9.052063E-01
   5.000000E+01   2.591934E+00   9.820181E-01
   5.500000E+01   2.414898E+00   1.054259E+00
   6.000000E+01   2.382016E+00   1.119545E+00
   6.500000E+01   2.426919E+00   1.183231E+00
   7.000000E+01   2.495370E+00   1.241342E+00
   7.500000E+01   2.567467E+00   1.296582E+00
   8.000000E+01   2.623903E+00   1.345922E+00
   9.000000E+01   2.684426E+00   1.434661E+00
   1.000000E+02   2.676901E+00   1.513429E+00
   1.100000E+02   2.624930E+00   1.589063E+00
   1.200000E+02   2.543112E+00   1.659643E+00
   1.300000E+02   2.460058E+00   1.730665E+00
   1.400000E+02   2.393131E+00   1.799979E+00
   1.500000E+02   2.267671E+00   1.866895E+00
   1.600000E+02   2.155435E+00   1.932527E+00
   1.800000E+02   1.969410E+00   2.066979E+00
   2.000000E+02   1.814691E+00   2.196769E+00
