# header:
#   title: Fe54(g,xn) cross section
#   source: TALYS-2.0
#   creator: Arjan Koning
#   date: 2023-11-25
#   format: YANDF-0.1
# target:
#   Z: 26
#   A: 54
#   nuclide: Fe54
# reaction:
#   type: (g,xn)
#   ENDF_MF: 3
#   ENDF_MT: 201
# datablock:
#   quantity: cross section
#   columns: 3
#   entries: 53
##      E]             xs        Multiplicity
##     [MeV]          [mb]            []
   2.500000E-01   0.000000E+00   0.000000E+00
   5.000000E-01   0.000000E+00   0.000000E+00
   1.000000E+00   0.000000E+00   0.000000E+00
   2.000000E+00   0.000000E+00   0.000000E+00
   3.000000E+00   0.000000E+00   0.000000E+00
   4.000000E+00   0.000000E+00   0.000000E+00
   5.000000E+00   0.000000E+00   0.000000E+00
   6.000000E+00   0.000000E+00   0.000000E+00
   7.000000E+00   0.000000E+00   0.000000E+00
   8.000000E+00   0.000000E+00   0.000000E+00
   9.000000E+00   0.000000E+00   0.000000E+00
   1.000000E+01   0.000000E+00   0.000000E+00
   1.100000E+01   0.000000E+00   0.000000E+00
   1.200000E+01   0.000000E+00   0.000000E+00
   1.250000E+01   0.000000E+00   0.000000E+00
   1.300000E+01   0.000000E+00   0.000000E+00
   1.350000E+01   9.791581E-02   4.797055E-03
   1.400000E+01   2.417694E+00   9.557577E-02
   1.450000E+01   1.428688E+01   4.564335E-01
   1.500000E+01   1.538883E+01   3.956838E-01
   1.550000E+01   1.999122E+01   4.130805E-01
   1.600000E+01   2.228591E+01   3.705840E-01
   1.650000E+01   2.365437E+01   3.176737E-01
   1.700000E+01   2.474879E+01   2.725165E-01
   1.750000E+01   2.612972E+01   2.403630E-01
   1.800000E+01   2.801698E+01   2.230734E-01
   1.900000E+01   3.133674E+01   2.137278E-01
   2.000000E+01   3.074831E+01   2.187311E-01
   2.200000E+01   2.316895E+01   2.458792E-01
   2.400000E+01   1.727193E+01   2.834696E-01
   2.600000E+01   1.723663E+01   4.033675E-01
   2.800000E+01   1.802382E+01   5.559459E-01
   3.000000E+01   1.683434E+01   6.438087E-01
   3.500000E+01   1.280487E+01   7.350013E-01
   4.000000E+01   1.119183E+01   9.273216E-01
   4.500000E+01   9.483439E+00   1.081325E+00
   5.000000E+01   8.144766E+00   1.199707E+00
   5.500000E+01   7.439722E+00   1.323503E+00
   6.000000E+01   6.966998E+00   1.410539E+00
   6.500000E+01   6.720147E+00   1.481037E+00
   7.000000E+01   6.669659E+00   1.554423E+00
   7.500000E+01   6.700246E+00   1.624270E+00
   8.000000E+01   6.761184E+00   1.691188E+00
   9.000000E+01   6.899035E+00   1.826793E+00
   1.000000E+02   6.939209E+00   1.955258E+00
   1.100000E+02   6.873521E+00   2.078207E+00
   1.200000E+02   6.730153E+00   2.195263E+00
   1.300000E+02   6.553816E+00   2.305089E+00
   1.400000E+02   6.417796E+00   2.413524E+00
   1.500000E+02   6.110559E+00   2.515349E+00
   1.600000E+02   5.821687E+00   2.609882E+00
   1.800000E+02   5.327056E+00   2.795564E+00
   2.000000E+02   4.909093E+00   2.971423E+00
