# header:
#   title: Fe54(g,xp) cross section
#   source: TALYS-2.0
#   creator: Arjan Koning
#   date: 2023-11-25
#   format: YANDF-0.1
# target:
#   Z: 26
#   A: 54
#   nuclide: Fe54
# reaction:
#   type: (g,xp)
#   ENDF_MF: 3
#   ENDF_MT: 203
# datablock:
#   quantity: cross section
#   columns: 3
#   entries: 53
##      E]             xs        Multiplicity
##     [MeV]          [mb]            []
   2.500000E-01   0.000000E+00   0.000000E+00
   5.000000E-01   0.000000E+00   0.000000E+00
   1.000000E+00   0.000000E+00   0.000000E+00
   2.000000E+00   0.000000E+00   0.000000E+00
   3.000000E+00   0.000000E+00   0.000000E+00
   4.000000E+00   0.000000E+00   0.000000E+00
   5.000000E+00   0.000000E+00   0.000000E+00
   6.000000E+00   0.000000E+00   0.000000E+00
   7.000000E+00   0.000000E+00   0.000000E+00
   8.000000E+00   0.000000E+00   0.000000E+00
   9.000000E+00   0.000000E+00   0.000000E+00
   1.000000E+01   9.250336E-03   2.535612E-03
   1.100000E+01   3.162448E+00   5.003073E-01
   1.200000E+01   1.029781E+01   9.371562E-01
   1.250000E+01   1.319522E+01   9.734762E-01
   1.300000E+01   1.642676E+01   9.857822E-01
   1.350000E+01   2.009554E+01   9.845130E-01
   1.400000E+01   2.261506E+01   8.940137E-01
   1.450000E+01   1.675895E+01   5.354104E-01
   1.500000E+01   2.299532E+01   5.912650E-01
   1.550000E+01   2.759112E+01   5.701178E-01
   1.600000E+01   3.655703E+01   6.078929E-01
   1.650000E+01   4.894689E+01   6.573473E-01
   1.700000E+01   6.368814E+01   7.012896E-01
   1.750000E+01   7.978349E+01   7.339154E-01
   1.800000E+01   9.446542E+01   7.521411E-01
   1.900000E+01   1.116912E+02   7.617742E-01
   2.000000E+01   1.086407E+02   7.728262E-01
   2.200000E+01   8.549197E+01   9.072791E-01
   2.400000E+01   6.793223E+01   1.114914E+00
   2.600000E+01   5.160046E+01   1.207542E+00
   2.800000E+01   3.778616E+01   1.165517E+00
   3.000000E+01   2.970652E+01   1.136090E+00
   3.500000E+01   2.018154E+01   1.158423E+00
   4.000000E+01   1.570755E+01   1.301481E+00
   4.500000E+01   1.175863E+01   1.340748E+00
   5.000000E+01   9.534854E+00   1.404464E+00
   5.500000E+01   8.327643E+00   1.481462E+00
   6.000000E+01   7.660961E+00   1.551039E+00
   6.500000E+01   7.397965E+00   1.630420E+00
   7.000000E+01   7.330150E+00   1.708357E+00
   7.500000E+01   7.325059E+00   1.775737E+00
   8.000000E+01   7.341405E+00   1.836319E+00
   9.000000E+01   7.335848E+00   1.942457E+00
   1.000000E+02   7.238261E+00   2.039521E+00
   1.100000E+02   7.042738E+00   2.129370E+00
   1.200000E+02   6.789587E+00   2.214650E+00
   1.300000E+02   6.526587E+00   2.295513E+00
   1.400000E+02   6.295310E+00   2.367461E+00
   1.500000E+02   5.917311E+00   2.435801E+00
   1.600000E+02   5.577735E+00   2.500517E+00
   1.800000E+02   5.001913E+00   2.624933E+00
   2.000000E+02   4.521685E+00   2.736930E+00
