# header:
#   title: Al27(g,xn) cross section
#   source: TALYS-2.0
#   creator: Arjan Koning
#   date: 2023-11-16
#   format: YANDF-0.1
# target:
#   Z: 13
#   A: 27
#   nuclide: Al27
# reaction:
#   type: (g,xn)
#   ENDF_MF: 3
#   ENDF_MT: 201
# datablock:
#   quantity: cross section
#   columns: 3
#   entries: 53
##      E]             xs        Multiplicity
##     [MeV]          [mb]            []
   2.500000E-01   0.000000E+00   0.000000E+00
   5.000000E-01   0.000000E+00   0.000000E+00
   1.000000E+00   0.000000E+00   0.000000E+00
   2.000000E+00   0.000000E+00   0.000000E+00
   3.000000E+00   0.000000E+00   0.000000E+00
   4.000000E+00   0.000000E+00   0.000000E+00
   5.000000E+00   0.000000E+00   0.000000E+00
   6.000000E+00   0.000000E+00   0.000000E+00
   7.000000E+00   0.000000E+00   0.000000E+00
   8.000000E+00   0.000000E+00   0.000000E+00
   9.000000E+00   0.000000E+00   0.000000E+00
   1.000000E+01   0.000000E+00   0.000000E+00
   1.100000E+01   0.000000E+00   0.000000E+00
   1.200000E+01   0.000000E+00   0.000000E+00
   1.250000E+01   0.000000E+00   0.000000E+00
   1.300000E+01   0.000000E+00   0.000000E+00
   1.350000E+01   6.767031E-01   1.202941E-01
   1.400000E+01   1.800636E+00   2.683328E-01
   1.450000E+01   2.108541E+00   2.627168E-01
   1.500000E+01   2.321708E+00   2.417433E-01
   1.550000E+01   3.494778E+00   3.042606E-01
   1.600000E+01   4.941914E+00   3.599991E-01
   1.650000E+01   6.217421E+00   3.803226E-01
   1.700000E+01   7.532918E+00   3.892647E-01
   1.750000E+01   9.014601E+00   3.977806E-01
   1.800000E+01   1.070231E+01   4.083116E-01
   1.900000E+01   1.436798E+01   4.331804E-01
   2.000000E+01   1.727960E+01   4.569864E-01
   2.200000E+01   1.934079E+01   5.380052E-01
   2.400000E+01   1.854757E+01   6.803536E-01
   2.600000E+01   1.574257E+01   7.776121E-01
   2.800000E+01   1.335528E+01   8.549207E-01
   3.000000E+01   1.168657E+01   9.250836E-01
   3.500000E+01   8.782393E+00   1.155159E+00
   4.000000E+01   6.281380E+00   1.305601E+00
   4.500000E+01   4.602434E+00   1.368456E+00
   5.000000E+01   3.782095E+00   1.432940E+00
   5.500000E+01   3.449812E+00   1.506065E+00
   6.000000E+01   3.335571E+00   1.567716E+00
   6.500000E+01   3.335185E+00   1.626050E+00
   7.000000E+01   3.384035E+00   1.683416E+00
   7.500000E+01   3.441538E+00   1.737991E+00
   8.000000E+01   3.494422E+00   1.792452E+00
   9.000000E+01   3.559517E+00   1.902343E+00
   1.000000E+02   3.546022E+00   2.004800E+00
   1.100000E+02   3.469055E+00   2.100074E+00
   1.200000E+02   3.355019E+00   2.189497E+00
   1.300000E+02   3.235431E+00   2.276144E+00
   1.400000E+02   3.133465E+00   2.356817E+00
   1.500000E+02   2.963310E+00   2.439591E+00
   1.600000E+02   2.807049E+00   2.516754E+00
   1.800000E+02   2.542159E+00   2.668103E+00
   2.000000E+02   2.323444E+00   2.812638E+00
