# header:
#   title: O16(g,xn) cross section
#   source: TALYS-2.0
#   creator: Arjan Koning
#   date: 2023-11-17
#   format: YANDF-0.1
# target:
#   Z: 8
#   A: 16
#   nuclide: O16
# reaction:
#   type: (g,xn)
#   ENDF_MF: 3
#   ENDF_MT: 201
# datablock:
#   quantity: cross section
#   columns: 3
#   entries: 53
##      E]             xs        Multiplicity
##     [MeV]          [mb]            []
   2.500000E-01   0.000000E+00   0.000000E+00
   5.000000E-01   0.000000E+00   0.000000E+00
   1.000000E+00   0.000000E+00   0.000000E+00
   2.000000E+00   0.000000E+00   0.000000E+00
   3.000000E+00   0.000000E+00   0.000000E+00
   4.000000E+00   0.000000E+00   0.000000E+00
   5.000000E+00   0.000000E+00   0.000000E+00
   6.000000E+00   0.000000E+00   0.000000E+00
   7.000000E+00   0.000000E+00   0.000000E+00
   8.000000E+00   0.000000E+00   0.000000E+00
   9.000000E+00   0.000000E+00   0.000000E+00
   1.000000E+01   0.000000E+00   0.000000E+00
   1.100000E+01   0.000000E+00   0.000000E+00
   1.200000E+01   0.000000E+00   0.000000E+00
   1.250000E+01   0.000000E+00   0.000000E+00
   1.300000E+01   0.000000E+00   0.000000E+00
   1.350000E+01   0.000000E+00   0.000000E+00
   1.400000E+01   0.000000E+00   0.000000E+00
   1.450000E+01   0.000000E+00   0.000000E+00
   1.500000E+01   0.000000E+00   0.000000E+00
   1.550000E+01   0.000000E+00   0.000000E+00
   1.600000E+01   3.311784E-01   1.977304E-01
   1.650000E+01   4.649586E-01   2.336678E-01
   1.700000E+01   5.984091E-01   2.511441E-01
   1.750000E+01   7.672663E-01   2.672081E-01
   1.800000E+01   9.835145E-01   2.830673E-01
   1.900000E+01   1.493639E+00   2.837603E-01
   2.000000E+01   1.799395E+00   2.194018E-01
   2.200000E+01   4.123572E+00   2.051995E-01
   2.400000E+01   5.647447E+00   2.043580E-01
   2.600000E+01   5.569653E+00   3.249781E-01
   2.800000E+01   4.555212E+00   4.552242E-01
   3.000000E+01   3.541150E+00   5.299084E-01
   3.500000E+01   2.042338E+00   6.603643E-01
   4.000000E+01   1.334040E+00   7.605481E-01
   4.500000E+01   1.119330E+00   8.657110E-01
   5.000000E+01   1.118076E+00   9.658850E-01
   5.500000E+01   1.186964E+00   1.046518E+00
   6.000000E+01   1.277245E+00   1.117549E+00
   6.500000E+01   1.363037E+00   1.180093E+00
   7.000000E+01   1.434412E+00   1.235276E+00
   7.500000E+01   1.491163E+00   1.286459E+00
   8.000000E+01   1.532939E+00   1.334226E+00
   9.000000E+01   1.583315E+00   1.428420E+00
   1.000000E+02   1.597549E+00   1.522676E+00
   1.100000E+02   1.583062E+00   1.615113E+00
   1.200000E+02   1.546569E+00   1.700847E+00
   1.300000E+02   1.500923E+00   1.779363E+00
   1.400000E+02   1.461426E+00   1.852316E+00
   1.500000E+02   1.384027E+00   1.920092E+00
   1.600000E+02   1.312216E+00   1.982593E+00
   1.800000E+02   1.185360E+00   2.096471E+00
   2.000000E+02   1.076667E+00   2.196354E+00
