# header:
#   title: C12(g,xn) cross section
#   source: TALYS-2.0
#   creator: Arjan Koning
#   date: 2023-11-17
#   format: YANDF-0.1
# target:
#   Z: 6
#   A: 12
#   nuclide: C12
# reaction:
#   type: (g,xn)
#   ENDF_MF: 3
#   ENDF_MT: 201
# datablock:
#   quantity: cross section
#   columns: 3
#   entries: 53
##      E]             xs        Multiplicity
##     [MeV]          [mb]            []
   2.500000E-01   0.000000E+00   0.000000E+00
   5.000000E-01   0.000000E+00   0.000000E+00
   1.000000E+00   0.000000E+00   0.000000E+00
   2.000000E+00   0.000000E+00   0.000000E+00
   3.000000E+00   0.000000E+00   0.000000E+00
   4.000000E+00   0.000000E+00   0.000000E+00
   5.000000E+00   0.000000E+00   0.000000E+00
   6.000000E+00   0.000000E+00   0.000000E+00
   7.000000E+00   0.000000E+00   0.000000E+00
   8.000000E+00   0.000000E+00   0.000000E+00
   9.000000E+00   0.000000E+00   0.000000E+00
   1.000000E+01   0.000000E+00   0.000000E+00
   1.100000E+01   0.000000E+00   0.000000E+00
   1.200000E+01   0.000000E+00   0.000000E+00
   1.250000E+01   0.000000E+00   0.000000E+00
   1.300000E+01   0.000000E+00   0.000000E+00
   1.350000E+01   0.000000E+00   0.000000E+00
   1.400000E+01   0.000000E+00   0.000000E+00
   1.450000E+01   0.000000E+00   0.000000E+00
   1.500000E+01   0.000000E+00   0.000000E+00
   1.550000E+01   0.000000E+00   0.000000E+00
   1.600000E+01   0.000000E+00   0.000000E+00
   1.650000E+01   0.000000E+00   0.000000E+00
   1.700000E+01   0.000000E+00   0.000000E+00
   1.750000E+01   0.000000E+00   0.000000E+00
   1.800000E+01   0.000000E+00   0.000000E+00
   1.900000E+01   2.351469E-01   2.120940E-01
   2.000000E+01   3.599706E-01   2.240941E-01
   2.200000E+01   2.024599E+00   3.424095E-01
   2.400000E+01   1.664396E+00   3.850597E-01
   2.600000E+01   1.262982E+00   3.626853E-01
   2.800000E+01   9.711807E-01   3.235037E-01
   3.000000E+01   7.652384E-01   3.399863E-01
   3.500000E+01   6.002522E-01   4.699645E-01
   4.000000E+01   6.551809E-01   6.413659E-01
   4.500000E+01   7.657503E-01   8.053544E-01
   5.000000E+01   8.765558E-01   9.386572E-01
   5.500000E+01   9.702235E-01   1.040294E+00
   6.000000E+01   1.047901E+00   1.121928E+00
   6.500000E+01   1.111783E+00   1.191682E+00
   7.000000E+01   1.161357E+00   1.251960E+00
   7.500000E+01   1.199057E+00   1.306710E+00
   8.000000E+01   1.223174E+00   1.354419E+00
   9.000000E+01   1.240923E+00   1.438460E+00
   1.000000E+02   1.225466E+00   1.510178E+00
   1.100000E+02   1.187603E+00   1.573057E+00
   1.200000E+02   1.137568E+00   1.628932E+00
   1.300000E+02   1.084963E+00   1.678459E+00
   1.400000E+02   1.041324E+00   1.725561E+00
   1.500000E+02   9.741266E-01   1.768733E+00
   1.600000E+02   9.140598E-01   1.809129E+00
   1.800000E+02   8.112984E-01   1.882491E+00
   2.000000E+02   7.257277E-01   1.944541E+00
