# header:
#   title: C12(g,xp) cross section
#   source: TALYS-2.0
#   creator: Arjan Koning
#   date: 2023-11-17
#   format: YANDF-0.1
# target:
#   Z: 6
#   A: 12
#   nuclide: C12
# reaction:
#   type: (g,xp)
#   ENDF_MF: 3
#   ENDF_MT: 203
# datablock:
#   quantity: cross section
#   columns: 3
#   entries: 53
##      E]             xs        Multiplicity
##     [MeV]          [mb]            []
   2.500000E-01   0.000000E+00   0.000000E+00
   5.000000E-01   0.000000E+00   0.000000E+00
   1.000000E+00   0.000000E+00   0.000000E+00
   2.000000E+00   0.000000E+00   0.000000E+00
   3.000000E+00   0.000000E+00   0.000000E+00
   4.000000E+00   0.000000E+00   0.000000E+00
   5.000000E+00   0.000000E+00   0.000000E+00
   6.000000E+00   0.000000E+00   0.000000E+00
   7.000000E+00   0.000000E+00   0.000000E+00
   8.000000E+00   0.000000E+00   0.000000E+00
   9.000000E+00   0.000000E+00   0.000000E+00
   1.000000E+01   0.000000E+00   0.000000E+00
   1.100000E+01   0.000000E+00   0.000000E+00
   1.200000E+01   0.000000E+00   0.000000E+00
   1.250000E+01   0.000000E+00   0.000000E+00
   1.300000E+01   0.000000E+00   0.000000E+00
   1.350000E+01   0.000000E+00   0.000000E+00
   1.400000E+01   0.000000E+00   0.000000E+00
   1.450000E+01   0.000000E+00   0.000000E+00
   1.500000E+01   0.000000E+00   0.000000E+00
   1.550000E+01   0.000000E+00   0.000000E+00
   1.600000E+01   0.000000E+00   0.000000E+00
   1.650000E+01   7.517094E-02   1.297757E-01
   1.700000E+01   2.360232E-01   3.649207E-01
   1.750000E+01   3.237822E-01   4.445225E-01
   1.800000E+01   3.966430E-01   4.791123E-01
   1.900000E+01   5.435043E-01   4.902212E-01
   2.000000E+01   8.683169E-01   5.405571E-01
   2.200000E+01   2.991941E+00   5.060110E-01
   2.400000E+01   2.140111E+00   4.951167E-01
   2.600000E+01   1.836617E+00   5.274136E-01
   2.800000E+01   1.242730E+00   4.139578E-01
   3.000000E+01   8.052125E-01   3.577463E-01
   3.500000E+01   5.069696E-01   3.969294E-01
   4.000000E+01   5.709432E-01   5.589045E-01
   4.500000E+01   6.643860E-01   6.987475E-01
   5.000000E+01   7.639017E-01   8.180218E-01
   5.500000E+01   8.493346E-01   9.106745E-01
   6.000000E+01   9.218630E-01   9.869870E-01
   6.500000E+01   9.837055E-01   1.054400E+00
   7.000000E+01   1.033582E+00   1.114218E+00
   7.500000E+01   1.072607E+00   1.168908E+00
   8.000000E+01   1.097624E+00   1.215397E+00
   9.000000E+01   1.117675E+00   1.295593E+00
   1.000000E+02   1.105092E+00   1.361839E+00
   1.100000E+02   1.070328E+00   1.417720E+00
   1.200000E+02   1.023306E+00   1.465316E+00
   1.300000E+02   9.717005E-01   1.503240E+00
   1.400000E+02   9.280722E-01   1.537892E+00
   1.500000E+02   8.628517E-01   1.566690E+00
   1.600000E+02   8.049594E-01   1.593195E+00
   1.800000E+02   7.063552E-01   1.638987E+00
   2.000000E+02   6.269549E-01   1.679885E+00
