# header:
#   title: Fe56(g,xn) cross section
#   source: TALYS-2.0
#   creator: Arjan Koning
#   date: 2023-11-17
#   format: YANDF-0.1
# target:
#   Z: 26
#   A: 56
#   nuclide: Fe56
# reaction:
#   type: (g,xn)
#   ENDF_MF: 3
#   ENDF_MT: 201
# datablock:
#   quantity: cross section
#   columns: 3
#   entries: 53
##      E]             xs        Multiplicity
##     [MeV]          [mb]            []
   2.500000E-01   0.000000E+00   0.000000E+00
   5.000000E-01   0.000000E+00   0.000000E+00
   1.000000E+00   0.000000E+00   0.000000E+00
   2.000000E+00   0.000000E+00   0.000000E+00
   3.000000E+00   0.000000E+00   0.000000E+00
   4.000000E+00   0.000000E+00   0.000000E+00
   5.000000E+00   0.000000E+00   0.000000E+00
   6.000000E+00   0.000000E+00   0.000000E+00
   7.000000E+00   0.000000E+00   0.000000E+00
   8.000000E+00   0.000000E+00   0.000000E+00
   9.000000E+00   0.000000E+00   0.000000E+00
   1.000000E+01   0.000000E+00   0.000000E+00
   1.100000E+01   0.000000E+00   0.000000E+00
   1.200000E+01   1.019645E+01   9.993556E-01
   1.250000E+01   1.256137E+01   9.979887E-01
   1.300000E+01   1.548660E+01   9.937619E-01
   1.350000E+01   1.936118E+01   9.883826E-01
   1.400000E+01   2.395195E+01   9.753796E-01
   1.450000E+01   2.953313E+01   9.563869E-01
   1.500000E+01   3.633460E+01   9.330611E-01
   1.550000E+01   4.462691E+01   9.097193E-01
   1.600000E+01   5.437539E+01   8.885686E-01
   1.650000E+01   6.509295E+01   8.681704E-01
   1.700000E+01   7.557218E+01   8.484729E-01
   1.750000E+01   8.421420E+01   8.305477E-01
   1.800000E+01   8.903327E+01   8.150622E-01
   1.900000E+01   8.527776E+01   7.917867E-01
   2.000000E+01   7.050432E+01   7.768324E-01
   2.200000E+01   5.450471E+01   9.617360E-01
   2.400000E+01   4.588328E+01   1.216822E+00
   2.600000E+01   3.698704E+01   1.343834E+00
   2.800000E+01   2.999087E+01   1.384050E+00
   3.000000E+01   2.481115E+01   1.377392E+00
   3.500000E+01   1.796264E+01   1.379621E+00
   4.000000E+01   1.543907E+01   1.576590E+00
   4.500000E+01   1.283672E+01   1.669812E+00
   5.000000E+01   1.102542E+01   1.736605E+00
   5.500000E+01   1.013593E+01   1.839065E+00
   6.000000E+01   9.640239E+00   1.932012E+00
   6.500000E+01   9.445894E+00   2.027357E+00
   7.000000E+01   9.414519E+00   2.120728E+00
   7.500000E+01   9.456095E+00   2.209667E+00
   8.000000E+01   9.517093E+00   2.293825E+00
   9.000000E+01   9.559262E+00   2.442411E+00
   1.000000E+02   9.430272E+00   2.567649E+00
   1.100000E+02   9.210147E+00   2.693181E+00
   1.200000E+02   8.908088E+00   2.811407E+00
   1.300000E+02   8.615316E+00   2.932445E+00
   1.400000E+02   8.387261E+00   3.052740E+00
   1.500000E+02   7.928008E+00   3.158649E+00
   1.600000E+02   7.536535E+00   3.270171E+00
   1.800000E+02   6.802040E+00   3.455031E+00
   2.000000E+02   6.231844E+00   3.650993E+00
