# header:
#   title: O16(g,xp) cross section
#   source: TALYS-2.0
#   creator: Arjan Koning
#   date: 2023-11-17
#   format: YANDF-0.1
# target:
#   Z: 8
#   A: 16
#   nuclide: O16
# reaction:
#   type: (g,xp)
#   ENDF_MF: 3
#   ENDF_MT: 203
# datablock:
#   quantity: cross section
#   columns: 3
#   entries: 53
##      E]             xs        Multiplicity
##     [MeV]          [mb]            []
   2.500000E-01   0.000000E+00   0.000000E+00
   5.000000E-01   0.000000E+00   0.000000E+00
   1.000000E+00   0.000000E+00   0.000000E+00
   2.000000E+00   0.000000E+00   0.000000E+00
   3.000000E+00   0.000000E+00   0.000000E+00
   4.000000E+00   0.000000E+00   0.000000E+00
   5.000000E+00   0.000000E+00   0.000000E+00
   6.000000E+00   0.000000E+00   0.000000E+00
   7.000000E+00   0.000000E+00   0.000000E+00
   8.000000E+00   0.000000E+00   0.000000E+00
   9.000000E+00   0.000000E+00   0.000000E+00
   1.000000E+01   0.000000E+00   0.000000E+00
   1.100000E+01   0.000000E+00   0.000000E+00
   1.200000E+01   0.000000E+00   0.000000E+00
   1.250000E+01   2.276811E-01   3.439972E-01
   1.300000E+01   4.286565E-01   5.775271E-01
   1.350000E+01   5.139961E-01   6.305932E-01
   1.400000E+01   5.532586E-01   6.043015E-01
   1.450000E+01   6.033172E-01   5.763353E-01
   1.500000E+01   6.812050E-01   5.613649E-01
   1.550000E+01   7.905791E-01   5.570430E-01
   1.600000E+01   7.525908E-01   4.493351E-01
   1.650000E+01   8.537460E-01   4.290552E-01
   1.700000E+01   9.830254E-01   4.125624E-01
   1.750000E+01   1.134341E+00   3.950455E-01
   1.800000E+01   1.324878E+00   3.813158E-01
   1.900000E+01   2.015126E+00   3.828321E-01
   2.000000E+01   3.465661E+00   4.225710E-01
   2.200000E+01   8.028461E+00   3.995168E-01
   2.400000E+01   1.287416E+01   4.658632E-01
   2.600000E+01   1.036977E+01   6.050551E-01
   2.800000E+01   7.600519E+00   7.595565E-01
   3.000000E+01   5.326803E+00   7.971191E-01
   3.500000E+01   2.731398E+00   8.831631E-01
   4.000000E+01   1.694498E+00   9.660485E-01
   4.500000E+01   1.319027E+00   1.020161E+00
   5.000000E+01   1.236928E+00   1.068559E+00
   5.500000E+01   1.265200E+00   1.115498E+00
   6.000000E+01   1.323952E+00   1.158416E+00
   6.500000E+01   1.387704E+00   1.201448E+00
   7.000000E+01   1.438188E+00   1.238527E+00
   7.500000E+01   1.487929E+00   1.283669E+00
   8.000000E+01   1.521913E+00   1.324629E+00
   9.000000E+01   1.564480E+00   1.411427E+00
   1.000000E+02   1.560263E+00   1.487138E+00
   1.100000E+02   1.534499E+00   1.565567E+00
   1.200000E+02   1.488541E+00   1.637031E+00
   1.300000E+02   1.437694E+00   1.704404E+00
   1.400000E+02   1.399308E+00   1.773583E+00
   1.500000E+02   1.325110E+00   1.838354E+00
   1.600000E+02   1.255665E+00   1.897152E+00
   1.800000E+02   1.133475E+00   2.004705E+00
   2.000000E+02   1.027823E+00   2.096714E+00
