# header:
#   title: Mg24(g,xn) cross section
#   source: TALYS-2.0
#   creator: Arjan Koning
#   date: 2023-11-18
#   format: YANDF-0.1
# target:
#   Z: 12
#   A: 24
#   nuclide: Mg24
# reaction:
#   type: (g,xn)
#   ENDF_MF: 3
#   ENDF_MT: 201
# datablock:
#   quantity: cross section
#   columns: 3
#   entries: 53
##      E]             xs        Multiplicity
##     [MeV]          [mb]            []
   2.500000E-01   0.000000E+00   0.000000E+00
   5.000000E-01   0.000000E+00   0.000000E+00
   1.000000E+00   0.000000E+00   0.000000E+00
   2.000000E+00   0.000000E+00   0.000000E+00
   3.000000E+00   0.000000E+00   0.000000E+00
   4.000000E+00   0.000000E+00   0.000000E+00
   5.000000E+00   0.000000E+00   0.000000E+00
   6.000000E+00   0.000000E+00   0.000000E+00
   7.000000E+00   0.000000E+00   0.000000E+00
   8.000000E+00   0.000000E+00   0.000000E+00
   9.000000E+00   0.000000E+00   0.000000E+00
   1.000000E+01   0.000000E+00   0.000000E+00
   1.100000E+01   0.000000E+00   0.000000E+00
   1.200000E+01   0.000000E+00   0.000000E+00
   1.250000E+01   0.000000E+00   0.000000E+00
   1.300000E+01   0.000000E+00   0.000000E+00
   1.350000E+01   0.000000E+00   0.000000E+00
   1.400000E+01   0.000000E+00   0.000000E+00
   1.450000E+01   0.000000E+00   0.000000E+00
   1.500000E+01   0.000000E+00   0.000000E+00
   1.550000E+01   0.000000E+00   0.000000E+00
   1.600000E+01   0.000000E+00   0.000000E+00
   1.650000E+01   0.000000E+00   0.000000E+00
   1.700000E+01   1.171892E+00   1.133963E-01
   1.750000E+01   2.794131E+00   2.063620E-01
   1.800000E+01   3.956168E+00   2.185741E-01
   1.900000E+01   5.548977E+00   1.828358E-01
   2.000000E+01   7.421496E+00   2.284997E-01
   2.200000E+01   7.102674E+00   2.602642E-01
   2.400000E+01   7.415232E+00   2.601042E-01
   2.600000E+01   6.665573E+00   2.669764E-01
   2.800000E+01   6.720123E+00   3.457499E-01
   3.000000E+01   6.830791E+00   4.557343E-01
   3.500000E+01   4.761772E+00   6.095976E-01
   4.000000E+01   3.150273E+00   7.213660E-01
   4.500000E+01   2.404053E+00   8.503323E-01
   5.000000E+01   2.110821E+00   9.726667E-01
   5.500000E+01   2.064825E+00   1.083065E+00
   6.000000E+01   2.127882E+00   1.176260E+00
   6.500000E+01   2.228520E+00   1.255227E+00
   7.000000E+01   2.345078E+00   1.331749E+00
   7.500000E+01   2.455162E+00   1.405306E+00
   8.000000E+01   2.571003E+00   1.488686E+00
   9.000000E+01   2.821039E+00   1.696058E+00
   1.000000E+02   3.013509E+00   1.914750E+00
   1.100000E+02   3.067425E+00   2.086372E+00
   1.200000E+02   3.028486E+00   2.220438E+00
   1.300000E+02   2.966666E+00   2.344727E+00
   1.400000E+02   2.906107E+00   2.455652E+00
   1.500000E+02   2.768885E+00   2.560936E+00
   1.600000E+02   2.645939E+00   2.665166E+00
   1.800000E+02   2.428331E+00   2.863267E+00
   2.000000E+02   2.242498E+00   3.049776E+00
