# header:
#   title: Fe56(g,xp) cross section
#   source: TALYS-2.0
#   creator: Arjan Koning
#   date: 2023-11-17
#   format: YANDF-0.1
# target:
#   Z: 26
#   A: 56
#   nuclide: Fe56
# reaction:
#   type: (g,xp)
#   ENDF_MF: 3
#   ENDF_MT: 203
# datablock:
#   quantity: cross section
#   columns: 3
#   entries: 53
##      E]             xs        Multiplicity
##     [MeV]          [mb]            []
   2.500000E-01   0.000000E+00   0.000000E+00
   5.000000E-01   0.000000E+00   0.000000E+00
   1.000000E+00   0.000000E+00   0.000000E+00
   2.000000E+00   0.000000E+00   0.000000E+00
   3.000000E+00   0.000000E+00   0.000000E+00
   4.000000E+00   0.000000E+00   0.000000E+00
   5.000000E+00   0.000000E+00   0.000000E+00
   6.000000E+00   0.000000E+00   0.000000E+00
   7.000000E+00   0.000000E+00   0.000000E+00
   8.000000E+00   0.000000E+00   0.000000E+00
   9.000000E+00   0.000000E+00   0.000000E+00
   1.000000E+01   0.000000E+00   0.000000E+00
   1.100000E+01   1.824523E-04   3.421884E-05
   1.200000E+01   2.021174E-03   1.980955E-04
   1.250000E+01   1.597975E-02   1.269576E-03
   1.300000E+01   7.335328E-02   4.707017E-03
   1.350000E+01   1.838052E-01   9.383205E-03
   1.400000E+01   4.919901E-01   2.003499E-02
   1.450000E+01   1.106536E+00   3.583354E-02
   1.500000E+01   2.171498E+00   5.576339E-02
   1.550000E+01   3.755047E+00   7.654659E-02
   1.600000E+01   5.890773E+00   9.626333E-02
   1.650000E+01   8.683343E+00   1.158132E-01
   1.700000E+01   1.200403E+01   1.347731E-01
   1.750000E+01   1.538958E+01   1.517771E-01
   1.800000E+01   1.811844E+01   1.658667E-01
   1.900000E+01   1.999333E+01   1.856340E-01
   2.000000E+01   1.792527E+01   1.975046E-01
   2.200000E+01   1.190743E+01   2.101067E-01
   2.400000E+01   8.900867E+00   2.360505E-01
   2.600000E+01   8.005055E+00   2.908441E-01
   2.800000E+01   7.669976E+00   3.539621E-01
   3.000000E+01   7.340694E+00   4.075188E-01
   3.500000E+01   7.268569E+00   5.582624E-01
   4.000000E+01   6.662786E+00   6.803832E-01
   4.500000E+01   5.840721E+00   7.597662E-01
   5.000000E+01   5.653580E+00   8.904909E-01
   5.500000E+01   5.373750E+00   9.750140E-01
   6.000000E+01   5.157327E+00   1.033586E+00
   6.500000E+01   5.110245E+00   1.096804E+00
   7.000000E+01   5.118325E+00   1.152961E+00
   7.500000E+01   5.137341E+00   1.200476E+00
   8.000000E+01   5.168077E+00   1.245618E+00
   9.000000E+01   5.233779E+00   1.337242E+00
   1.000000E+02   5.258598E+00   1.431797E+00
   1.100000E+02   5.194463E+00   1.518937E+00
   1.200000E+02   5.066585E+00   1.599022E+00
   1.300000E+02   4.923890E+00   1.675973E+00
   1.400000E+02   4.801072E+00   1.747463E+00
   1.500000E+02   4.544047E+00   1.810423E+00
   1.600000E+02   4.313693E+00   1.871751E+00
   1.800000E+02   3.909572E+00   1.985830E+00
   2.000000E+02   3.568411E+00   2.090592E+00
