# header:
#   title: Mg24(g,xp) cross section
#   source: TALYS-2.0
#   creator: Arjan Koning
#   date: 2023-11-18
#   format: YANDF-0.1
# target:
#   Z: 12
#   A: 24
#   nuclide: Mg24
# reaction:
#   type: (g,xp)
#   ENDF_MF: 3
#   ENDF_MT: 203
# datablock:
#   quantity: cross section
#   columns: 3
#   entries: 53
##      E]             xs        Multiplicity
##     [MeV]          [mb]            []
   2.500000E-01   0.000000E+00   0.000000E+00
   5.000000E-01   0.000000E+00   0.000000E+00
   1.000000E+00   0.000000E+00   0.000000E+00
   2.000000E+00   0.000000E+00   0.000000E+00
   3.000000E+00   0.000000E+00   0.000000E+00
   4.000000E+00   0.000000E+00   0.000000E+00
   5.000000E+00   0.000000E+00   0.000000E+00
   6.000000E+00   0.000000E+00   0.000000E+00
   7.000000E+00   0.000000E+00   0.000000E+00
   8.000000E+00   0.000000E+00   0.000000E+00
   9.000000E+00   0.000000E+00   0.000000E+00
   1.000000E+01   0.000000E+00   0.000000E+00
   1.100000E+01   0.000000E+00   0.000000E+00
   1.200000E+01   1.779089E-02   1.149828E-02
   1.250000E+01   3.119367E-01   1.644586E-01
   1.300000E+01   6.221621E-01   2.857246E-01
   1.350000E+01   1.231408E+00   4.849968E-01
   1.400000E+01   1.890419E+00   6.300290E-01
   1.450000E+01   2.496858E+00   6.998366E-01
   1.500000E+01   3.129797E+00   7.294556E-01
   1.550000E+01   3.902195E+00   7.479997E-01
   1.600000E+01   4.946733E+00   7.687856E-01
   1.650000E+01   6.413703E+00   7.950711E-01
   1.700000E+01   7.529973E+00   7.286263E-01
   1.750000E+01   9.037101E+00   6.674398E-01
   1.800000E+01   1.199848E+01   6.629035E-01
   1.900000E+01   2.077341E+01   6.844729E-01
   2.000000E+01   2.054641E+01   6.326013E-01
   2.200000E+01   1.647598E+01   6.037313E-01
   2.400000E+01   2.039675E+01   7.154570E-01
   2.600000E+01   2.416911E+01   9.680459E-01
   2.800000E+01   2.148515E+01   1.105410E+00
   3.000000E+01   1.626482E+01   1.085150E+00
   3.500000E+01   8.266744E+00   1.058301E+00
   4.000000E+01   5.074925E+00   1.162083E+00
   4.500000E+01   3.481996E+00   1.231609E+00
   5.000000E+01   2.803799E+00   1.291991E+00
   5.500000E+01   2.591120E+00   1.359123E+00
   6.000000E+01   2.575661E+00   1.423786E+00
   6.500000E+01   2.640656E+00   1.487365E+00
   7.000000E+01   2.737581E+00   1.554648E+00
   7.500000E+01   2.840007E+00   1.625587E+00
   8.000000E+01   2.952044E+00   1.709320E+00
   9.000000E+01   3.195827E+00   1.921387E+00
   1.000000E+02   3.369127E+00   2.140707E+00
   1.100000E+02   3.376378E+00   2.296513E+00
   1.200000E+02   3.291085E+00   2.412972E+00
   1.300000E+02   3.181874E+00   2.514818E+00
   1.400000E+02   3.097682E+00   2.617532E+00
   1.500000E+02   2.938984E+00   2.718261E+00
   1.600000E+02   2.792610E+00   2.812903E+00
   1.800000E+02   2.534494E+00   2.988444E+00
   2.000000E+02   2.313619E+00   3.146499E+00
