# Varlamov+, Bull.Russian Academy of Sciences - Physics, volume 67, page 724, 2003
16.3 	 5.1 -1
16.4 	 5.2 -1
16.5 	 5.4 -1
16.6 	 5.7 -1
16.7 	 6.0 -1
16.8 	 6.5 -1
16.9 	 7.0 -1
17.0 	 7.4 -1
17.1 	 7.6 -1
17.2 	 7.6 -1
17.3 	 7.6 -1
17.4 	 7.6 -1
17.5 	 7.6 -1
17.6 	 7.9 -1
17.7 	 8.3 -1
17.8 	 9.0 -1
17.9 	 9.9 -1
18.0 	11.2 -1
18.1 	12.8 -1
18.2 	14.7 -1
18.3 	16.8 -1
18.4 	19.0 -1
18.5 	21.3 -1
18.6 	23.7 -1
18.7 	26.1 -1
18.8 	28.3 -1
18.9 	30.2 -1
19.0 	31.8 -1
19.1 	32.6 -1
19.2 	32.8 -1
19.3 	32.2 -1
19.4 	31.3 -1
19.5 	30.4 -1
19.6 	29.9 -1
19.7 	29.9 -1
19.8 	30.4 -1
19.9 	31.0 -1
20.0 	31.6 -1
20.1 	32.0 -1
20.2 	31.9 -1
20.3 	31.6 -1
20.4 	31.1 -1
20.5 	30.4 -1
20.6 	29.6 -1
20.7 	28.6 -1
20.8 	27.5 -1
20.9 	26.2 -1
21.0 	24.8 -1
21.1 	23.5 -1
21.2 	22.2 -1
21.3 	21.1 -1
21.4 	20.2 -1
21.5 	19.6 -1
21.6 	19.2 -1
21.7 	19.0 -1
21.8 	19.1 -1
21.9 	19.4 -1
22.0 	19.9 -1
22.1 	20.5 -1
22.2 	21.2 -1
22.3 	21.7 -1
22.4 	22.0 -1
22.5 	22.1 -1
22.6 	22.1 -1
22.7 	22.0 -1
22.8 	21.9 -1 
22.9 	21.8 -1 
23.0 	21.5 -1
23.1 	21.2 -1
23.2 	20.7 -1
23.3 	20.2 -1
23.4 	19.7 -1
23.5 	19.4 -1
23.6 	19.5 -1
23.7 	19.9 -1
23.8 	20.6 -1
23.9 	21.4 -1
24.0 	22.1 -1
24.1 	22.5 -1
24.2 	22.8 -1
24.3 	23.1 -1
24.4 	23.4 -1
24.5 	23.8 -1
24.6 	24.2 -1
24.7 	24.6 -1
24.8 	24.8 -1
24.9 	24.9 -1
25.0 	24.6 -1
25.1 	24.1 -1
25.2 	23.4 -1
25.3 	22.6 -1
25.4 	21.8 -1
25.5 	21.0 -1
25.6 	20.2 -1
25.7 	19.4 -1
25.8 	18.6 -1
25.9 	17.8 -1
26.0 	17.0 -1
26.1 	16.1 -1
26.2 	15.4 -1
26.3 	14.6 -1
26.4 	13.9 -1
26.5 	13.3 -1
26.6 	12.8 -1
26.7 	12.4 -1
26.8 	12.0 -1
26.9 	11.6 -1
27.0 	11.3 -1
27.1 	10.9 -1
27.2 	10.6 -1
27.3 	10.3 -1
27.4 	10.1 -1
27.5 	10.0 -1
27.6 	 9.9 -1
27.7 	 9.8 -1
27.8 	 9.8 -1
27.9 	 9.7 -1
28.0 	 9.7 -1
28.1 	 9.6 -1
28.2 	 9.6 -1